
23048
110060
125084
125084
133708
125284
125328
125804
180660
189600
248888
306364
306228
310428
294312
283348
287896
305940
282032
311784
283348
310336
286544
288524
286588
292748
310500
291752
315232
269956
306648
302768
293584
306092
301060
303088
303536
310412
285920
315864
290504
310340
300656
300932
310140
298488
283508
287688
290964
302232
306320
290064
311516
289592
317712
291660
311900
271716
283040
300656
282768
302520
286428
312624
313624
298896
303840
277260
311760
291048
281904
312092
311356
291932
306924
287964
282688
311776
305880
293324
286432
286084
306844
281424
268264
268260
268356
268016
268208
268424
268676
309304
309460
314904
304352
309912
285700
314752
309748
285504
315856
311852
301512
284880
286088
286036
309232
315212
309620
314824
286128
309664
305624
309016
315056
309784
315468
309824
285576
285612
315384
310900
315756
309592
315180
311108
286760
309644
285840
317260
285528
310016
292848
315316
309844
285256
298820
307424
286044
309352
285828
291508
314872
314856
306400
309976
308284
314896
286056
310028
309472
311892
310564
286552
307908
309424
307948
309868
286680
309516
311852
285780
285812
311852
315840
309364
315396
310084
285600
267552
268748
268564
291620
279232
268336
283020
317520
315136
309808
314984
315128
309872
315280
309736
314856
309536
315064
309436
314844
309920
310148
315060
309656
316224
304100
309948
314976
286036
309904
280644
314644
309720
315612
310156
307956
289944
285504
285900
310068
302040
315304
315564
309848
300448
309176
283608
309328
315232
309772
295448
314976
309512
314868
309924
315008
310080
314384
310000
285952
309620
285860
294380
285752
314936
286172
304420
307884
310248
315060
297528
314932
309468
314824
309368
314456
309260
314344
309656
315536
309800
309404
314756
309828
314908
309428
303008
268776
268004
292180
268952
269228
276060
268832
319240
320212
286124
286064
309736
285988
309672
286196
286060
310244
298916
286080
286120
311852
304684
304928
285908
310068
285804
298360
309984
286708
309692
286152
285384
310340
285812
309708
302236
315228
285612
286288
309672
315048
310368
314928
310244
309324
301584
309748
286248
307816
288268
309796
314624
309928
286176
309560
314980
309952
315308
309324
285848
286252
309656
315516
309528
309916
315008
309544
315160
310232
315080
310152
308216
290828
285256
315032
309848
285824
298284
296508
286128
309784
314896
309916
314740
304404
309424
286196
268704
268984
283004
269084
268912
269464
282532
309908
314764
300852
308320
309804
315308
286684
309376
307716
309760
285480
291528
309716
309908
286172
311812
309916
285280
315204
311744
310128
286424
284060
285824
312860
286440
286076
309456
315100
309888
309232
302788
309904
286424
285904
302844
291580
286224
309592
304472
309756
315120
285792
285684
309860
314952
309496
315400
309944
315572
291320
309464
310540
286020
286164
310080
315160
309972
315076
309360
309752
315364
309616
314960
309508
314852
309656
302964
315096
285800
314780
310372
314916
309980
304064
314820
309348
315516
309532
290960
268712
268196
268568
292740
268444
274760
224624
